72
0 11 1
0 11 2
0 12 1
0 12 2
0 15 8
0 15 9
1 10 0
1 10 1
1 11 0
1 12 2
1 15 8
1 15 9
2 10 0
2 11 2
2 12 0
2 12 1
2 12 3
2 15 8
3 11 1
3 12 2
3 12 3
3 13 3
3 15 7
3 15 8
4 11 0
4 11 1
4 11 2
4 12 0
4 13 3
4 15 8
4 16 9
5 12 1
5 15 7
5 16 9
10 11 7
10 12 7
10 12 8
10 15 7
10 15 8
10 15 9
10 16 7
10 16 8
11 11 7
11 11 8
11 13 8
11 15 2
11 15 3
11 15 9
11 16 7
12 12 7
12 12 8
12 13 8
12 15 0
12 15 1
12 15 2
12 15 3
12 15 7
12 15 8
12 15 9
12 16 7
12 16 8
13 15 1
13 15 9
13 16 7
15 15 0
15 15 2
15 15 7
15 15 8
15 16 0
15 16 1
15 16 2
15 16 3
