69
0 11 0
0 11 2
0 12 1
0 12 2
0 15 5
1 10 1
1 11 1
1 11 2
1 12 0
1 15 5
2 10 0
2 11 1
2 12 1
2 12 2
2 12 3
2 13 2
2 13 3
2 15 5
3 10 0
3 10 1
3 11 0
3 11 2
3 12 0
3 12 3
3 15 5
4 11 0
4 11 1
4 12 1
4 12 2
4 12 3
4 15 5
4 16 6
5 11 2
5 12 2
5 15 5
5 16 6
10 15 2
10 15 5
10 15 6
10 16 5
11 12 5
11 13 5
11 15 0
11 15 1
11 15 2
11 15 3
11 15 5
11 15 6
11 16 5
12 12 5
12 13 5
12 15 0
12 15 1
12 15 2
12 15 3
12 15 5
12 15 6
12 16 5
13 15 1
13 15 6
13 16 5
15 15 0
15 15 1
15 15 2
15 15 5
15 16 0
15 16 1
15 16 2
15 16 3
