134
0 11 11 1 1 7
0 11 11 2 2 8
0 11 12 2 2 7
0 11 15 1 8 2
0 11 15 1 9 7
0 11 15 1 9 8
0 11 15 2 8 7
0 11 15 2 8 9
0 12 15 1 8 1
0 12 15 2 8 2
0 12 15 2 8 8
0 15 15 8 8 1
0 15 15 8 8 7
1 10 11 1 1 7
1 10 12 1 1 7
1 10 15 1 8 7
1 11 11 1 2 8
1 11 11 2 2 7
1 11 15 0 8 7
1 11 15 0 8 9
1 11 15 1 9 7
1 12 15 1 8 1
1 12 15 1 8 7
1 12 15 2 8 0
1 12 15 2 8 9
1 15 15 8 8 2
1 15 15 8 8 8
2 10 12 1 2 8
2 11 11 0 1 7
2 11 12 1 3 7
2 11 15 0 8 2
2 11 15 1 8 8
2 12 12 2 2 7
2 12 15 1 8 0
2 12 15 1 8 3
2 12 15 3 8 1
2 12 15 3 8 9
2 15 15 8 8 7
3 11 11 1 2 7
3 11 11 2 2 8
3 11 12 1 1 7
3 11 12 2 0 7
3 11 15 1 8 3
3 11 15 2 7 8
3 11 15 2 8 7
3 12 15 0 7 2
3 12 15 0 8 2
3 12 15 1 8 9
3 12 15 2 8 0
3 13 15 3 8 1
3 13 15 3 8 9
3 15 15 7 8 7
3 15 15 8 8 1
4 11 12 0 2 7
4 11 12 1 0 7
4 11 12 2 1 8
4 11 12 2 2 7
4 11 15 0 7 8
4 11 15 0 8 9
4 11 15 2 7 9
4 11 15 2 8 2
4 11 16 0 9 8
4 11 16 2 9 8
4 12 12 2 2 8
4 12 15 0 7 1
4 12 15 0 8 8
4 12 15 1 8 1
4 12 15 2 7 2
4 12 16 0 9 7
4 12 16 2 9 7
4 13 15 3 8 1
4 13 16 3 9 7
4 15 15 7 8 8
4 15 15 8 8 7
4 15 15 8 8 8
4 15 16 7 9 0
4 15 16 7 9 1
4 15 16 7 9 2
5 12 12 1 1 7
5 12 15 1 7 1
5 12 15 1 7 8
5 12 16 1 9 7
5 12 16 1 9 8
5 15 15 7 7 7
5 15 16 7 9 1
10 11 15 7 7 7
10 12 15 7 8 2
10 12 15 7 9 2
10 15 15 7 8 1
11 11 15 7 2 9
11 11 15 8 7 7
11 11 15 8 8 8
11 12 15 7 3 8
11 12 15 7 9 0
11 12 15 7 9 3
11 12 15 8 3 9
11 12 15 8 9 2
11 12 16 7 8 8
11 13 15 8 8 1
11 15 15 2 8 8
11 15 15 7 9 0
11 15 15 8 9 0
11 15 16 2 7 0
11 15 16 2 7 2
11 15 16 3 8 1
11 15 16 8 8 2
12 12 15 7 0 8
12 12 15 7 1 9
12 12 15 7 7 7
12 12 15 8 0 9
12 12 16 7 8 8
12 13 15 8 1 9
12 13 16 8 8 7
12 15 15 0 8 7
12 15 15 0 8 8
12 15 15 1 9 8
12 15 15 2 7 2
12 15 15 3 8 7
12 15 15 7 8 0
12 15 15 7 9 2
12 15 15 8 9 1
12 15 16 0 7 1
12 15 16 1 7 3
12 15 16 1 8 3
12 15 16 2 8 0
12 15 16 3 7 1
12 15 16 8 8 0
13 15 15 1 9 7
13 15 16 1 7 1
15 15 15 0 1 7
15 15 15 0 1 8
15 15 15 2 2 7
15 15 15 2 2 8
15 15 16 7 1 3
