135
0 11 12 1 1 5
0 11 12 1 2 5
0 11 12 2 1 5
0 11 15 1 5 2
0 11 15 2 5 2
0 12 12 1 1 5
0 12 12 2 2 5
0 12 15 1 5 6
0 12 15 2 5 1
0 15 15 5 5 5
1 10 15 1 5 2
1 11 12 1 1 5
1 11 15 0 5 3
1 11 15 1 5 3
1 11 15 2 5 0
1 11 15 2 5 5
1 12 12 0 2 5
1 12 15 0 5 6
1 12 15 1 5 5
1 12 15 2 5 2
1 15 15 5 5 1
1 15 15 5 5 2
2 11 12 0 2 5
2 11 12 0 3 5
2 11 12 2 0 5
2 11 13 1 2 5
2 11 13 1 3 5
2 11 15 0 5 6
2 11 15 1 5 1
2 11 15 2 5 1
2 11 15 2 5 3
2 12 12 1 3 5
2 12 12 2 2 5
2 12 12 2 3 5
2 12 13 1 3 5
2 12 15 2 5 0
2 12 15 2 5 5
2 12 15 3 5 1
2 12 15 3 5 2
2 13 15 2 5 6
2 13 15 3 5 1
2 13 15 3 5 6
2 15 15 5 5 2
2 15 15 5 5 5
3 10 15 0 5 2
3 10 15 1 5 2
3 11 12 0 1 5
3 11 12 2 2 5
3 11 15 1 5 2
3 11 15 1 5 5
3 11 15 2 5 0
3 11 15 2 5 5
3 12 12 1 1 5
3 12 15 0 5 6
3 12 15 1 5 2
3 12 15 1 5 3
3 12 15 2 5 3
3 12 15 2 5 6
3 12 15 3 5 0
3 15 15 5 5 1
3 15 15 5 5 5
4 11 12 0 2 5
4 11 12 1 1 5
4 11 12 1 3 5
4 11 12 2 1 5
4 11 15 0 5 2
4 11 15 0 5 6
4 11 15 1 5 1
4 11 15 1 5 6
4 11 16 1 6 5
4 11 16 2 6 5
4 12 12 2 3 5
4 12 15 2 5 0
4 12 15 3 5 1
4 12 16 3 6 5
4 15 16 5 6 2
4 15 16 5 6 3
5 11 12 2 2 5
5 11 15 2 5 1
5 11 15 2 5 2
5 11 16 2 6 5
5 12 12 2 2 5
5 12 15 2 5 1
5 12 15 2 5 6
5 12 16 2 6 5
5 15 15 5 5 5
5 15 16 5 6 1
5 15 16 5 6 2
10 15 16 2 5 1
10 15 16 2 5 2
11 12 15 5 0 6
11 12 15 5 1 6
11 12 15 5 3 6
11 12 15 5 5 5
11 12 15 5 6 0
11 12 15 5 6 2
11 12 16 5 5 5
11 13 15 5 1 6
11 13 15 5 6 1
11 13 16 5 5 5
11 15 15 1 5 5
11 15 15 2 5 5
11 15 15 3 5 1
11 15 16 1 5 2
11 15 16 2 5 0
11 15 16 2 5 3
11 15 16 3 5 1
11 15 16 5 5 1
11 15 16 5 5 2
12 12 15 5 0 6
12 12 15 5 1 5
12 12 15 5 3 6
12 12 15 5 5 5
12 13 15 5 2 6
12 13 15 5 6 1
12 13 16 5 5 5
12 15 15 1 5 5
12 15 15 2 5 2
12 15 15 3 5 0
12 15 15 3 6 5
12 15 15 5 6 2
12 15 16 0 5 3
12 15 16 1 5 1
12 15 16 1 5 3
12 15 16 2 5 1
12 15 16 2 5 2
12 15 16 3 5 0
12 15 16 5 5 1
13 15 16 1 5 1
15 15 15 0 2 5
15 15 15 1 1 5
15 15 15 2 2 5
15 15 16 5 0 3
15 15 16 5 2 2
15 15 16 5 2 3
