223
0 0 15 11 15 8
0 1 11 11 3 2
0 1 11 12 15 1
0 1 12 12 15 1
0 2 10 11 2 0
0 2 10 11 2 1
0 2 11 11 15 2
0 2 15 11 12 8
0 2 15 12 15 8
0 3 11 11 3 2
0 3 12 11 15 2
0 3 12 12 15 1
0 3 15 11 15 7
0 3 15 11 16 8
0 4 15 11 12 8
0 4 15 11 15 7
0 4 16 11 15 9
0 11 15 15 15 8
0 12 15 15 15 7
0 12 15 15 16 0
0 12 15 15 16 2
0 15 15 15 15 1
0 15 15 15 16 1
0 15 15 15 16 2
1 0 11 11 1 1
1 0 11 11 1 2
1 0 11 11 4 1
1 0 11 12 15 1
1 0 12 12 15 2
1 0 15 11 11 8
1 0 15 11 12 8
1 0 15 11 15 9
1 0 15 12 15 8
1 0 15 12 16 8
1 1 10 11 3 1
1 1 11 10 2 1
1 1 11 11 15 2
1 1 11 12 15 0
1 1 15 11 16 8
1 2 10 12 2 1
1 2 11 11 2 2
1 2 11 12 4 2
1 2 12 11 15 3
1 2 12 12 15 3
1 2 15 10 12 8
1 2 15 12 13 8
1 3 11 11 3 1
1 3 11 11 4 0
1 3 11 11 4 2
1 3 15 11 15 8
1 4 11 11 4 1
1 4 11 12 15 1
1 4 11 12 15 2
1 4 12 12 15 0
1 4 15 11 11 8
1 4 15 11 15 7
1 4 15 12 11 8
1 4 15 12 16 8
1 11 15 15 15 7
1 11 15 15 16 3
1 12 15 15 12 9
1 12 15 15 13 9
1 12 15 15 15 8
1 12 15 15 16 1
1 13 15 15 16 1
1 15 15 15 15 2
1 15 15 15 16 0
2 0 11 11 1 2
2 0 11 12 1 2
2 0 11 12 3 1
2 0 11 12 15 1
2 0 11 12 15 2
2 0 12 11 3 2
2 0 15 11 15 8
2 0 15 12 11 8
2 0 15 12 16 8
2 1 10 12 15 1
2 1 11 11 1 1
2 1 11 12 4 2
2 1 12 11 4 1
2 1 15 11 12 8
2 2 10 12 15 0
2 2 11 11 2 0
2 2 11 11 2 2
2 2 11 12 5 1
2 2 11 13 15 1
2 2 12 12 2 3
2 2 12 12 15 2
2 2 15 12 16 8
2 2 15 13 12 8
2 3 11 11 4 1
2 3 11 12 4 0
2 3 12 12 15 3
2 3 15 12 10 8
2 4 11 11 15 2
2 4 11 12 15 0
2 4 12 12 4 2
2 4 15 11 11 7
2 4 15 11 16 8
2 4 15 12 15 7
2 4 16 11 15 9
2 5 12 12 15 1
2 5 15 11 12 7
2 5 15 12 12 7
2 5 16 11 15 9
2 5 16 12 15 9
2 10 15 15 12 9
2 10 15 15 15 7
2 11 15 15 11 9
2 11 15 15 16 2
2 12 15 15 12 8
2 12 15 15 15 8
2 12 15 15 16 0
2 12 15 15 16 3
2 12 16 15 15 8
2 15 15 15 15 1
2 15 15 15 16 0
2 15 15 15 16 2
3 2 11 13 15 1
3 2 12 12 2 1
3 2 12 12 2 2
3 2 12 13 3 3
3 2 15 13 11 8
3 2 15 13 12 8
3 3 11 12 15 2
3 3 12 12 3 3
3 3 12 12 4 1
3 3 15 12 12 7
3 4 15 12 11 8
3 4 15 12 16 8
3 4 16 12 15 9
3 11 15 15 11 8
3 11 16 15 15 8
3 12 15 15 12 9
3 12 15 15 16 1
3 12 16 15 15 7
3 12 16 15 15 8
5 0 11 15 12 2
5 0 11 15 15 1
5 0 11 15 16 2
5 0 12 15 11 2
5 0 12 15 12 2
5 0 15 15 1 8
5 0 15 15 3 8
5 0 15 15 11 9
5 0 15 15 12 8
5 0 15 15 12 9
5 0 15 15 15 8
5 1 10 15 16 0
5 1 11 15 12 0
5 1 11 15 15 2
5 1 12 15 15 1
5 1 15 15 1 8
5 1 15 15 10 8
5 1 15 15 11 9
5 2 10 15 15 1
5 2 10 15 16 1
5 2 11 15 13 1
5 2 11 15 16 1
5 2 12 15 12 0
5 2 12 15 12 3
5 2 12 15 16 3
5 2 15 15 2 8
5 3 11 15 15 0
5 3 12 15 11 2
5 3 12 15 16 2
5 3 13 15 12 3
5 3 15 15 3 8
5 3 15 15 11 8
5 3 15 15 15 8
5 4 11 15 12 0
5 4 11 15 12 2
5 4 11 15 16 0
5 4 11 15 16 2
5 4 12 15 15 2
5 4 13 15 11 3
5 4 15 15 4 8
5 4 16 15 11 9
5 5 12 15 12 1
5 5 12 15 16 1
5 5 15 15 15 7
5 5 16 15 11 9
5 5 16 15 12 9
5 10 12 16 11 7
5 10 12 16 12 8
5 10 15 15 11 7
5 11 11 12 16 8
5 11 11 13 16 7
5 11 11 15 15 8
5 11 12 12 15 7
5 11 12 15 11 7
5 11 12 15 15 7
5 11 12 15 15 8
5 11 15 12 15 8
5 11 15 12 15 9
5 11 15 15 11 9
5 11 15 15 12 7
5 11 15 15 15 2
5 11 15 16 11 8
5 11 15 16 12 7
5 11 16 12 13 8
5 11 16 13 12 8
5 12 12 12 15 8
5 12 12 12 16 7
5 12 15 13 15 9
5 12 15 15 15 0
5 12 15 15 15 2
5 12 15 16 12 8
5 12 15 16 15 3
5 13 15 16 15 1
6 4 12 16 15 0
6 4 12 16 15 2
6 4 13 16 15 3
6 4 15 16 11 7
6 4 15 16 12 7
6 4 16 16 4 9
6 5 12 16 15 1
6 5 15 16 11 7
6 11 15 15 11 2
6 11 15 15 11 3
6 12 15 15 12 0
6 12 15 15 12 2
6 12 15 15 13 1
